heroStats:
  life: 11161
  damage: 577.381
  attackSpeed: 1.545
  armor: 2116
  strength: 595
  dexterity: 330
  vitality: 531
  intelligence: 399
  physicalResist: 71
  fireResist: 51
  coldResist: 36
  lightningResist: 51
  poisonResist: 64
  arcaneResist: 49
  critDamage: 1.63
  blockChance: 0.12
  blockAmountMin: 180
  blockAmountMax: 297
  damageIncrease: 5.949999809265137
  critChance: 0.07000000029802322
  damageReduction: 0.4846540093421936
  thorns: 20.0
  lifeSteal: 0.0
  lifePerKill: 0.0
  goldFind: 0.0
  magicFind: 0.25
  lifeOnHit: 0.0
  primaryResource: 100
  secondaryResource: 0
